1.00000891708689       
1.00002162025222       
1.00003907653962       
1.00006931043209       
1.00010588849007       
1.00016085943342       
1.00022227336714       
1.00030711489839       
1.00039797850385       
1.00051900884708       
1.00064630040798       
1.00081206402866       
1.00098670901809       
1.00121070955399       
1.00145163218877       
1.00175475559826       
1.00208598174935       
1.00249303015935       
1.00294994048826       
1.00350028996589       
1.00413185028860       
1.00487579290195       
1.00573908554683       
1.00674174043078       
1.00791124958675       
1.00923210055412       
1.01077520238775       
1.01249959655698       
1.01451452358367       
1.01669651118765       
1.01923999891012       
1.02196069730908       
1.02512655961427       
1.02844391748593       
1.03225353701543       
1.03616756572515       
1.04067583436731       
1.04524356758862       
1.05042135257743       
1.05550207675681       
1.06115203064625       
1.06667833580771       
1.07277687632771       
1.07865517462591       
1.08510466864773       
1.09126810912140       
1.09805929667931       
1.10446127423662       
1.11143646549585       
1.11802809593454       
1.12525450112091       
1.13198316397667       
1.13930083168923       
1.14611557949471       
1.15358287456685       
1.16049019598119       
1.16797077091583       
1.17486043650486       
1.18232860440984       
1.18909813820475       
1.19644619554121       
1.20308057729698       
1.21029546300885       
1.21678757582737       
1.22386188137433       
1.23021662784515       
1.23715973748522       
1.24336203044610       
1.25016929925795       
1.25624999651301       
1.26293163478450       
1.26889902404086       
1.27547979495725       
1.28134227887599       
1.28784376242500       
1.29363437769147       
1.30007352997197       
1.30579142506345       
1.31216736392963       
1.31781319685036       
1.32411759894106       
1.32967830063501       
1.33590230742371       
1.34138271127443       
1.34753074453433       
1.35289536030183       
1.35891024426816       
1.36413937699206       
1.37002526000783       
1.37513649029515       
1.38090327518774       
1.38589380909257       
1.39145681788620       
1.39621700392850       
1.40150654203808       
1.40607148096240       
1.41123879280377       
1.41572183765216       
1.42079453324795       
1.42519573636390       
1.43017535813876       
1.43451233485124       
1.43952793121207       
1.44388278888773       
1.44888327130747       
1.45319135514177       
1.45812103255853       
1.46234949982990       
1.46722408175256       
1.47140636060657       
1.47626051868598       
1.48042326004425       
1.48526421684677       
1.48939656471298       
1.49423470007780       
ERROR: You must verify your email address.
See https://github.com/settings/emails.

fatal: Could not read from remote repository.

Please make sure you have the correct access rights
and the repository exists.1.49835690083055       
1.50318437328672       
1.50727582237512       
1.51206651407135       
1.51610654230314       
1.52086028868361       
1.52487805823755       
1.52963510299166       
1.53355070168981       
1.53817834826943       
1.54203215190915       
1.54655469493621       
1.55032836135559       
1.55481390040910       
1.55857990546630       
1.56311422716472       
1.56688619120315       
1.57141924433134       
1.57520323340584       
1.57975664405331       
1.58352962295185       
1.58810188522022       
1.59185878003900       
1.59642607583822       
1.60014795847762       
1.60466545018859       
1.60832280559914       
1.61277240234708       
1.61636082012761       
1.62073827895861       
1.62424152502580       
1.62852373142033       
1.63193489670781       
1.63609741662299       
1.63936115087106       
1.64334042776530       
1.64646954849116       
1.65030074976075       
1.65328511977289       
1.65695691809896       
1.65981530744094       
1.66335796592639       
1.66609280309794       
1.66951069188187       
1.67212605728600       
1.67541104432035       
1.67790282039751       
1.68106323684951       
1.68342952956023       
1.68645813986515       
1.68869660730178       
1.69159323165772       
1.69370422725860       
1.69647466946795       
1.69846289769595       
1.70110891469112       
1.70297909291850       
1.70549488140719       
1.70726327774228       
1.70968590318167       
1.71137833913691       
1.71372576445531       
1.71535393713200       
1.71765482179191       
1.71925080126847       
1.72153408816281       
1.72310943866955       
1.72538095638590       
1.72696044921606       
1.72924982385498       
1.73085151851512       
1.73317826978456       
1.73481599572341       
1.73719624053249       
1.73888573354039       
1.74133346360239       
1.74308914804893       
1.74562591942262       
1.74744078981717       
1.75004647614084       
1.75190840124149       
1.75457927783577       
1.75646497051101       
1.75909585316251       
1.76092398806534       
1.76344562392920       
1.76516267692191       
1.76753334134321       
1.76913412110779       
1.77136097227203       
1.77284716386002       
1.77495558175205       
1.77634806731107       
1.77837522336985       
1.77968091435240       
1.78161069254255       
1.78282895765680       
1.78468231297116       
1.78583288413786       
1.78766210295184       
1.78876343910567       
1.79055640299483       
1.79160209862427       
1.79335019815813       
1.79434974787496       
1.79604929723433       
1.79700780916056       
1.79869916690484       
1.79963410521962       
1.80130664324989       
1.80221148748603       
1.80387026683177       
1.80474547302172       
1.80638449168156       
1.80722680540692       
1.80884246917069       
1.80965297014304       
1.81124418906824       
1.81204069859511       
1.81364732630840       
1.81444631824829       
1.81606717254351       
1.81686629362848       
1.81849885357060       
1.81930707778523       
1.82095504049920       
1.82177492349477       
1.82344917657547       
1.82430001265807       
1.82602017676370       
1.82691493082187       
1.82868649827303       
1.82962792019847       
1.83143621231387       
1.83241007188662       
1.83425451439978       
1.83526860488143       
1.83715531225297       
1.83821750531015       
1.84015111907725       
1.84124876341541       
1.84319960354131       
1.84432086227391       
1.84625504439032       
1.84738327102773       
1.84932228396178       
1.85045831791699       
1.85239748657202       
1.85351810162291       
1.85543671660649       
1.85651980509495       
1.85840378258648       
1.85942714428729       
1.86124648225921       
1.86216781007326       
1.86388911867858       
1.86470182385484       
1.86630201745953       
1.86697778694632       
1.86843654536767       
1.86898628488878       
1.87031357708445       
1.87077045987122       
1.87198807701558       
1.87239040598302       
1.87353725934995       
1.87390789189683       
1.87500112598650       
1.87535623080749       
1.87642835675651       
1.87678078479960       
1.87783336194501       
1.87819104126110       
1.87925092320249       
1.87961114394746       
1.88069164768186       
1.88105838332812       
1.88211451718034       
1.88249502585887       
1.88357526429186       
1.88397218300873       
1.88508608168765       
1.88549186847796       
1.88660952803736       
1.88702728487684       
1.88817869668475       
1.88861589720529       
1.88979779307448       
1.89024923074511       
1.89145403593403       
1.89189032870269       
1.89309618930673       
1.89350247394493       
1.89465760360710       
1.89501902733857       
1.89610981252598       
1.89641110308993       
1.89743928114174       
1.89767905277154       
1.89864343465803       
1.89881346578895       
1.89972598295474       
1.89984804548543       
1.90071955458132       
1.90079721632566       
1.90161303037244       
1.90166416968793       
1.90244907594017       
1.90249601560086       
1.90328509017452       
1.90333223971340       
1.90413604912612       
1.90420595944627       
1.90503528768878       
1.90514561518493       
1.90600793412734       
1.90614860764826       
1.90704587302047       
1.90720691992290       
1.90812165008062       
1.90829932702797       
1.90922069814127       
1.90939994632908       
1.91030614106747       
1.91047217517424       
1.91135912097766       
1.91151036653280       
1.91237635409328       
1.91251315127929       
1.91334802318780       
1.91345891401718       
1.91425542673809       
1.91434506957357       
1.91511491494556       
1.91518704178226       
1.91593085011509       
1.91599018519583       
1.91672269581500       
1.91677761066899       
1.91750297396242       
1.91756054569921       
1.91828780863194       
1.91834268740334       
1.91906675732481       
1.91912960833451       
1.91985757100635       
1.91992993882453       
1.92067025273574       
1.92076511125078       
1.92153101566918       
1.92165075911562       
1.92244320094123       
1.92259572120192       
1.92342165754563       
1.92360496042254       
1.92445805860800       
1.92467600636964       
1.92556061958518       
1.92581058863047       
1.92671599105540       
1.92698528306750       
1.92789220292148       
1.92817784355824       
1.92909507645974       
1.92938825787826       
1.93031388683307       
1.93061089589697       
1.93153569446335       
1.93183574486318       
1.93276023972092       
1.93306679018619       
1.93400692749178       
1.93432783062843       
1.93527227952120       
1.93559436201526       
1.93654388994351       
1.93687220686206       
1.93781017655259       
1.93813153719016       
1.93905853462982       
1.93936747045810       
1.94029881695029       
1.94060113847443       
1.94152819712249       
1.94181693636091       
1.94272720245397       
1.94299634577397       
1.94389991275285       
1.94415126483542       
1.94504789024803       
1.94529240026495       
1.94619443036494       
1.94644871326603       
1.94737162037886       
1.94762474629949       
1.94856211928004       
1.94881247127821       
1.94976747873457       
1.95002711566800       
1.95100239499281       
1.95126153398643       
1.95224863726645       
1.95250172130813       
1.95349044569303       
1.95373292663218       
1.95471780962069       
1.95493878762765       
1.95590535924531       
1.95610214875582       
1.95703490891470       
1.95719586610579       
1.95807405786416       
1.95816740025167       
1.95894614388492       
1.95896877791956       
1.95965253590758       
1.95960502757228       
1.96019577899094       
1.96007443087093       
1.96057021806398       
1.96039512175935       
1.96080656138687       
1.96053399018029       
1.96086901359341       
1.96051192518401       
1.96077081846172       
1.96034354609883       
1.96054415836170       
1.96005510331963       
1.96021151634008       
1.95968578576529       
1.95982427981066       
1.95929109119953       
1.95944301078006       
1.95892942152229       
1.95911544168660       
1.95865119527217       
1.95890051617591       
1.95851634578656       
1.95885256895540       
1.95855305083122       
1.95896092825167       
1.95874948695956       
1.95923784552823       
1.95911330882859       
1.95968938515650       
1.95963731980247       
1.96028786579767       
1.96030283914578       
1.96099723942186       
1.96106956620576       
1.96178200433770       
1.96189404566333       
1.96261525598455       
1.96276149389456       
1.96349540215197       
1.96367714991059       
1.96442652010915       
1.96463470995429       
1.96539408248925       
1.96563312979586       
1.96639486399164       
1.96666747092264       
1.96743895097636       
1.96775861677413       
1.96856059122292       
1.96893066639964       
1.96976859662901       
1.97017886291169       
1.97102868588040       
1.97146848706130       
1.97232764136374       
1.97325983523903       
1.97415606490853       
1.97466181060760       
1.97558027429008       
1.97610505513606       
1.97704072744746       
1.97757682079549       
1.97852357861718       
1.97962027392088       
1.98059147593318       
1.98115749732104       
1.98213539726172       
1.98270004127678       
1.98367696419638       
1.98423193318068       
1.98519131131373       
1.98572011588923       
1.98664838810573       
1.98713684765245       
1.98802411446085       
1.98888488431648       
1.98971302909997       
1.99007888468927       
1.99084156248394       
1.99112815423394       
1.99181526221971       
1.99201567570102       
1.99261204407857       
1.99271601527864       
1.99320978148395       
1.99321010313830       
1.99359211010199       
1.99348593300914       
1.99376027840137       
1.99355049273819       
1.99372567069662       
1.99342509430194       
1.99351547773557       
1.99313241744737       
1.99315091258996       
1.99269883110933       
1.99266744949316       
1.99217278878822       
1.99210648826460       
1.99157805738213       
1.99148910709794       
1.99094062381499       
1.99084676390399       
1.99028758065618       
1.99019335504006       
1.98963131984727       
1.98955080587248       
1.98899047924346       
1.98892775664772       
1.98838322608491       
1.98835658438999       
1.98783450655693       
1.98784819080506       
1.98734947561068       
1.98739512139526       
1.98691523848218       
1.98699552247691       
1.98653278029335       
1.98665092887122       
1.98619884586365       
1.98634860279141       
1.98590773446258       
1.98607337466216       
1.98561367785486       
1.98576224696949       
1.98527453526715       
1.98538864893196       
1.98485958568204       
1.98491998319107       
1.98435387972273       
1.98435601874122       
1.98375299076993       
1.98369594657221       
1.98306297265109       
1.98295188422683       
1.98228520080579       
1.98212605318985       
1.98142018415917       
1.98122164754384       
1.98050188197496       
1.98027253303319       
1.97952795583993       
1.97927928438817       
1.97850252383950       
1.97823559154127       
1.97744002889108       
1.97715453868020       
1.97635861048904       
1.97605269891492       
1.97522923728944       
1.97489541414611       
